	55
Androsace_   0.00000   0.21450   0.21951   0.14497   0.09037   0.09331   0.20779   0.09420   0.06522   0.06522   0.07233   0.10326   0.07246   0.10145   0.09964   0.09783   0.14493   0.10325   0.10326   0.07971   0.07741   0.20397   0.08663   0.06522   0.08152   0.08026   0.08026   0.10130   0.10688   0.10870   0.06341   0.08134   0.07643   0.08026   0.07582   0.08226   0.14083   0.07710   0.07859   0.08049   0.07832   0.13859   0.12798   0.09531   0.08817   0.09213   0.10100   0.13594   0.07951   0.19633   0.09779   0.14576   0.07428   0.06703   0.13707
Selaginell   0.21450   0.00000   0.03107   0.19527   0.21450   0.21524   0.22154   0.25362   0.24094   0.24094   0.23327   0.23732   0.23732   0.23551   0.23551   0.23732   0.21558   0.23518   0.23370   0.23551   0.20932   0.21008   0.23252   0.24094   0.23551   0.22042   0.22042   0.21364   0.23913   0.24457   0.24094   0.20920   0.21926   0.20784   0.21365   0.21365   0.24778   0.21183   0.21257   0.21445   0.21219   0.18491   0.18527   0.24247   0.21232   0.22948   0.22095   0.19219   0.22095   0.20092   0.24908   0.21771   0.23370   0.24275   0.19231
Selaginell   0.21951   0.03107   0.00000   0.19822   0.22099   0.21803   0.22613   0.25906   0.24275   0.24275   0.23689   0.23732   0.23913   0.23551   0.23551   0.23732   0.22283   0.23709   0.23551   0.24094   0.21434   0.21696   0.23556   0.24275   0.23732   0.22853   0.22853   0.21798   0.24275   0.25362   0.24275   0.21423   0.22650   0.21286   0.21572   0.21646   0.25203   0.21632   0.21707   0.21955   0.21729   0.18699   0.18899   0.24534   0.21662   0.22781   0.22956   0.19688   0.22630   0.20626   0.25092   0.22694   0.23551   0.24457   0.19734
Picea_enge   0.14497   0.19527   0.19822   0.00000   0.13905   0.13314   0.22485   0.14286   0.13524   0.13524   0.13688   0.13524   0.12952   0.15048   0.14095   0.14286   0.08571   0.13306   0.13143   0.13143   0.13757   0.18491   0.14329   0.13524   0.13143   0.12224   0.12224   0.13905   0.13524   0.14857   0.13714   0.13609   0.13757   0.14349   0.13166   0.13757   0.15237   0.14793   0.14793   0.14053   0.14201   0.02959   0.02219   0.14200   0.14053   0.13322   0.14350   0.08580   0.14201   0.18787   0.14981   0.08560   0.13905   0.13333   0.08580
Sedum_lanc   0.09037   0.21450   0.22099   0.13905   0.00000   0.08472   0.20015   0.07428   0.08877   0.08877   0.09222   0.09601   0.08696   0.10145   0.06703   0.06884   0.13768   0.09369   0.09420   0.07065   0.07810   0.19328   0.09119   0.08877   0.06884   0.07571   0.07571   0.09948   0.08877   0.09964   0.08696   0.08512   0.08130   0.08472   0.07032   0.07476   0.14048   0.08907   0.08907   0.08108   0.08183   0.13162   0.12649   0.09246   0.08444   0.08375   0.09104   0.13438   0.08716   0.18105   0.09779   0.13838   0.09420   0.08696   0.13251
Viola_adun   0.09331   0.21524   0.21803   0.13314   0.08472   0.00000   0.22154   0.09420   0.07609   0.07609   0.08499   0.07609   0.08696   0.11232   0.07609   0.07428   0.13587   0.07266   0.07609   0.07246   0.07153   0.21467   0.08359   0.07609   0.07609   0.06151   0.06151   0.08751   0.08333   0.08696   0.07790   0.07846   0.08647   0.08255   0.07920   0.08586   0.13469   0.09281   0.09281   0.07658   0.07508   0.13382   0.13318   0.07681   0.08148   0.07370   0.08250   0.13672   0.08792   0.20321   0.10148   0.13653   0.09239   0.07428   0.13613
Cystopteri   0.20779   0.22154   0.22613   0.22485   0.20015   0.22154   0.00000   0.19928   0.20833   0.20833   0.21519   0.19746   0.19746   0.19746   0.20109   0.20290   0.17935   0.19885   0.19746   0.20290   0.21314   0.14439   0.24316   0.20833   0.20471   0.20097   0.20097   0.21611   0.19565   0.22101   0.21196   0.21303   0.21117   0.21620   0.21533   0.21456   0.24981   0.20920   0.21226   0.22162   0.22084   0.19939   0.19847   0.24821   0.22009   0.23786   0.22956   0.20000   0.21517   0.02903   0.20480   0.17897   0.20833   0.21196   0.19939
Anemone_dr   0.09420   0.25362   0.25906   0.14286   0.07428   0.09420   0.19928   0.00000   0.08514   0.08514   0.09601   0.10145   0.08333   0.09058   0.09601   0.09783   0.12681   0.10707   0.10507   0.07790   0.09058   0.19746   0.07590   0.08514   0.07246   0.09058   0.09058   0.10467   0.10326   0.11413   0.08877   0.09654   0.09074   0.10326   0.07832   0.08561   0.09783   0.09654   0.09654   0.09434   0.09434   0.14312   0.13843   0.09783   0.09672   0.09276   0.10688   0.12569   0.07463   0.19928   0.08318   0.12939   0.10145   0.08877   0.12681
Antennaria   0.06522   0.24094   0.24275   0.13524   0.08877   0.07609   0.20833   0.08514   0.00000   0.00000   0.01630   0.07246   0.05616   0.09601   0.08696   0.08877   0.14130   0.07839   0.07971   0.06703   0.01087   0.21377   0.08159   0.00000   0.06159   0.07790   0.07790   0.07664   0.07790   0.08152   0.01087   0.09290   0.07623   0.03080   0.06922   0.08197   0.07609   0.08743   0.08197   0.02453   0.02264   0.13406   0.12933   0.07428   0.09307   0.08597   0.07246   0.14233   0.07276   0.20833   0.08503   0.14233   0.02899   0.01087   0.14130
Antennaria   0.06522   0.24094   0.24275   0.13524   0.08877   0.07609   0.20833   0.08514   0.00000   0.00000   0.01630   0.07246   0.05616   0.09601   0.08696   0.08877   0.14130   0.07839   0.07971   0.06703   0.01087   0.21377   0.08159   0.00000   0.06159   0.07790   0.07790   0.07664   0.07790   0.08152   0.01087   0.09290   0.07623   0.03080   0.06922   0.08197   0.07609   0.08743   0.08197   0.02453   0.02264   0.13406   0.12933   0.07428   0.09307   0.08597   0.07246   0.14233   0.07276   0.20833   0.08503   0.14233   0.02899   0.01087   0.14130
Crepis_nan   0.07233   0.23327   0.23689   0.13688   0.09222   0.08499   0.21519   0.09601   0.01630   0.01630   0.00000   0.08514   0.05797   0.10688   0.09420   0.09601   0.13768   0.08795   0.08877   0.07609   0.01266   0.20796   0.08523   0.01630   0.07065   0.08137   0.08137   0.08582   0.08696   0.08877   0.01449   0.09455   0.07609   0.03074   0.08000   0.09091   0.08499   0.08909   0.08727   0.03013   0.02825   0.14105   0.13273   0.08318   0.10200   0.09255   0.07595   0.13838   0.08007   0.21519   0.09612   0.13863   0.02899   0.01449   0.13743
Astragalus   0.10326   0.23732   0.23732   0.13524   0.09601   0.07609   0.19746   0.10145   0.07246   0.07246   0.08514   0.00000   0.09420   0.10688   0.09058   0.09058   0.14130   0.01912   0.01993   0.08877   0.07609   0.21196   0.09867   0.07246   0.07428   0.07428   0.07428   0.01308   0.07065   0.09964   0.07971   0.08925   0.09619   0.09601   0.08015   0.09654   0.09420   0.10747   0.10383   0.08679   0.08491   0.13949   0.13115   0.08877   0.09124   0.08145   0.07246   0.13863   0.08955   0.19746   0.09982   0.14233   0.09420   0.07609   0.14130
Bupleurum_   0.07246   0.23732   0.23913   0.12952   0.08696   0.08696   0.19746   0.08333   0.05616   0.05616   0.05797   0.09420   0.00000   0.11232   0.09420   0.09601   0.13225   0.09943   0.09783   0.07790   0.05072   0.19565   0.06831   0.05616   0.06159   0.08514   0.08514   0.09346   0.09964   0.10326   0.04891   0.08925   0.07078   0.06522   0.07468   0.08561   0.08877   0.08561   0.08379   0.06415   0.06604   0.13225   0.12933   0.09239   0.09854   0.09502   0.09058   0.13124   0.08396   0.19746   0.09982   0.13494   0.06522   0.05254   0.13225
Cerastium_   0.10145   0.23551   0.23551   0.15048   0.10145   0.11232   0.19746   0.09058   0.09601   0.09601   0.10688   0.10688   0.11232   0.00000   0.10870   0.10688   0.14855   0.10707   0.10870   0.10507   0.10145   0.21014   0.09677   0.09601   0.09420   0.09964   0.09964   0.10841   0.09783   0.10326   0.10145   0.11840   0.10889   0.10507   0.10565   0.11111   0.09964   0.11658   0.11658   0.10377   0.10189   0.15036   0.14390   0.09601   0.11496   0.10633   0.10507   0.14972   0.09515   0.19746   0.03697   0.14972   0.10326   0.10145   0.14855
Draba_cras   0.09964   0.23551   0.23551   0.14095   0.06703   0.07609   0.20109   0.09601   0.08696   0.08696   0.09420   0.09058   0.09420   0.10870   0.00000   0.00181   0.14312   0.08795   0.08877   0.08152   0.08696   0.21014   0.08539   0.08696   0.07971   0.08333   0.08333   0.09533   0.08696   0.09420   0.08696   0.09836   0.09074   0.10145   0.08197   0.09290   0.08696   0.10383   0.09836   0.09245   0.09434   0.13949   0.14026   0.07971   0.01825   0.09729   0.09239   0.14418   0.09888   0.20109   0.10351   0.14418   0.09964   0.08514   0.14312
Draba_olig   0.09783   0.23732   0.23732   0.14286   0.06884   0.07428   0.20290   0.09783   0.08877   0.08877   0.09601   0.09058   0.09601   0.10688   0.00181   0.00000   0.14493   0.08795   0.08877   0.07971   0.08877   0.21196   0.08729   0.08877   0.07790   0.08152   0.08152   0.09533   0.08877   0.09239   0.08877   0.09654   0.08893   0.10326   0.08015   0.09107   0.08514   0.10200   0.09654   0.09434   0.09623   0.14130   0.14208   0.07790   0.01642   0.09502   0.09420   0.14603   0.10075   0.20290   0.10166   0.14603   0.10145   0.08696   0.14493
Juniperus_   0.14493   0.21558   0.22283   0.08571   0.13768   0.13587   0.17935   0.12681   0.14130   0.14130   0.13768   0.14130   0.13225   0.14855   0.14312   0.14493   0.00000   0.14340   0.13949   0.13225   0.13949   0.18116   0.14042   0.14130   0.13406   0.12862   0.12862   0.14019   0.12862   0.14674   0.13949   0.13479   0.13612   0.14130   0.13661   0.14208   0.15036   0.14572   0.14936   0.14340   0.14717   0.09058   0.09290   0.14493   0.13869   0.13801   0.13225   0.00000   0.13993   0.17935   0.15157   0.00000   0.13949   0.13768   0.00000
Oxytropis_   0.10325   0.23518   0.23709   0.13306   0.09369   0.07266   0.19885   0.10707   0.07839   0.07839   0.08795   0.01912   0.09943   0.10707   0.08795   0.08795   0.14340   0.00000   0.00000   0.09560   0.07839   0.21415   0.11245   0.07839   0.07839   0.07839   0.07839   0.02174   0.06692   0.09560   0.08413   0.09231   0.08812   0.09943   0.08846   0.10192   0.09943   0.10192   0.09615   0.08782   0.08583   0.13767   0.13077   0.08604   0.09249   0.08475   0.07075   0.14062   0.09862   0.19885   0.09560   0.14340   0.09751   0.08031   0.14340
Oxytropis_   0.10326   0.23370   0.23551   0.13143   0.09420   0.07609   0.19746   0.10507   0.07971   0.07971   0.08877   0.01993   0.09783   0.10870   0.08877   0.08877   0.13949   0.00000   0.00000   0.09239   0.07971   0.20833   0.11006   0.07971   0.07609   0.07609   0.07609   0.02243   0.06522   0.09964   0.08514   0.09107   0.09074   0.09964   0.08561   0.10200   0.09964   0.10200   0.09836   0.09245   0.09057   0.13587   0.13297   0.08877   0.09307   0.08145   0.07065   0.13678   0.09701   0.19746   0.09797   0.14233   0.09783   0.08152   0.13949
Saxifraga_   0.07971   0.23551   0.24094   0.13143   0.07065   0.07246   0.20290   0.07790   0.06703   0.06703   0.07609   0.08877   0.07790   0.10507   0.08152   0.07971   0.13225   0.09560   0.09239   0.00000   0.07246   0.20290   0.08729   0.06703   0.04348   0.05435   0.05435   0.09159   0.08514   0.09783   0.06884   0.08015   0.07078   0.08696   0.02732   0.02004   0.08514   0.08015   0.08015   0.07736   0.07925   0.13043   0.12750   0.08333   0.07482   0.05656   0.08152   0.13309   0.08582   0.20290   0.09057   0.13494   0.08514   0.06884   0.13225
Cirsium_sc   0.07741   0.20932   0.21434   0.13757   0.07810   0.07153   0.21314   0.09058   0.01087   0.01087   0.01266   0.07609   0.05072   0.10145   0.08696   0.08877   0.13949   0.07839   0.07971   0.07246   0.00000   0.20626   0.08207   0.01087   0.06341   0.07595   0.07595   0.08309   0.08152   0.07971   0.00906   0.08134   0.07929   0.03387   0.07082   0.07725   0.13409   0.08383   0.08308   0.03118   0.02828   0.13149   0.12500   0.07539   0.08303   0.09045   0.07255   0.13125   0.07187   0.19404   0.09041   0.14022   0.02717   0.00543   0.13338
Cryptogram   0.20397   0.21008   0.21696   0.18491   0.19328   0.21467   0.14439   0.19746   0.21377   0.21377   0.20796   0.21196   0.19565   0.21014   0.21014   0.21196   0.18116   0.21415   0.20833   0.20290   0.20626   0.00000   0.19909   0.21377   0.19565   0.18801   0.18801   0.21069   0.19384   0.21196   0.21196   0.20000   0.19969   0.20626   0.20460   0.20000   0.24141   0.19847   0.20077   0.21151   0.20918   0.19481   0.19540   0.20660   0.20706   0.18593   0.19512   0.19453   0.20588   0.11765   0.20111   0.18266   0.21014   0.21196   0.19404
Cerastium_   0.08663   0.23252   0.23556   0.14329   0.09119   0.08359   0.24316   0.07590   0.08159   0.08159   0.08523   0.09867   0.06831   0.09677   0.08539   0.08729   0.14042   0.11245   0.11006   0.08729   0.08207   0.19909   0.00000   0.08159   0.08349   0.08291   0.08291   0.10182   0.10816   0.10816   0.07970   0.09574   0.08511   0.08663   0.08663   0.09878   0.09271   0.09271   0.09119   0.08511   0.08359   0.14742   0.14134   0.08663   0.08663   0.08726   0.10030   0.13678   0.03799   0.19909   0.09690   0.14147   0.08349   0.07970   0.13678
Antennaria   0.06522   0.24094   0.24275   0.13524   0.08877   0.07609   0.20833   0.08514   0.00000   0.00000   0.01630   0.07246   0.05616   0.09601   0.08696   0.08877   0.14130   0.07839   0.07971   0.06703   0.01087   0.21377   0.08159   0.00000   0.06159   0.07790   0.07790   0.07664   0.07790   0.08152   0.01087   0.09290   0.07623   0.03080   0.06922   0.08197   0.07609   0.08743   0.08197   0.02453   0.02264   0.13406   0.12933   0.07428   0.09307   0.08597   0.07246   0.14233   0.07276   0.20833   0.08503   0.14233   0.02899   0.01087   0.14130
Ribes_lacu   0.08152   0.23551   0.23732   0.13143   0.06884   0.07609   0.20471   0.07246   0.06159   0.06159   0.07065   0.07428   0.06159   0.09420   0.07971   0.07790   0.13406   0.07839   0.07609   0.04348   0.06341   0.19565   0.08349   0.06159   0.00000   0.06341   0.06341   0.07664   0.06703   0.08696   0.06341   0.07468   0.07623   0.08514   0.04007   0.04736   0.07065   0.08561   0.08561   0.07170   0.07358   0.13225   0.12750   0.07428   0.07664   0.06787   0.06703   0.13494   0.08396   0.20471   0.07948   0.13678   0.08333   0.06159   0.13406
Salix_arct   0.08026   0.22042   0.22853   0.12224   0.07571   0.06151   0.20097   0.09058   0.07790   0.07790   0.08137   0.07428   0.08514   0.09964   0.08333   0.08152   0.12862   0.07839   0.07609   0.05435   0.07595   0.18801   0.08291   0.07790   0.06341   0.00000   0.00000   0.07846   0.07609   0.10145   0.07428   0.06852   0.08455   0.08360   0.05546   0.06688   0.10252   0.08646   0.08809   0.08249   0.07744   0.12540   0.12072   0.08828   0.07843   0.00000   0.06581   0.12562   0.08667   0.18963   0.08856   0.12915   0.08696   0.07428   0.12145
Salix_niva   0.08026   0.22042   0.22853   0.12224   0.07571   0.06151   0.20097   0.09058   0.07790   0.07790   0.08137   0.07428   0.08514   0.09964   0.08333   0.08152   0.12862   0.07839   0.07609   0.05435   0.07595   0.18801   0.08291   0.07790   0.06341   0.00000   0.00000   0.07846   0.07609   0.10145   0.07428   0.06852   0.08455   0.08360   0.05546   0.06688   0.10252   0.08646   0.08809   0.08249   0.07744   0.12540   0.12072   0.08828   0.07843   0.00000   0.06581   0.12562   0.08667   0.18963   0.08856   0.12915   0.08696   0.07428   0.12145
Astragalus   0.10130   0.21364   0.21798   0.13905   0.09948   0.08751   0.21611   0.10467   0.07664   0.07664   0.08582   0.01308   0.09346   0.10841   0.09533   0.09533   0.14019   0.02174   0.02243   0.09159   0.08309   0.21069   0.10182   0.07664   0.07664   0.07846   0.07846   0.00000   0.07477   0.10280   0.08411   0.09464   0.09696   0.09334   0.09045   0.09841   0.14017   0.10439   0.10287   0.09513   0.09296   0.14472   0.13534   0.08689   0.09199   0.09213   0.07806   0.14129   0.09946   0.19520   0.10115   0.14122   0.09907   0.08037   0.14616
Sibbaldia_   0.10688   0.23913   0.24275   0.13524   0.08877   0.08333   0.19565   0.10326   0.07790   0.07790   0.08696   0.07065   0.09964   0.09783   0.08696   0.08877   0.12862   0.06692   0.06522   0.08514   0.08152   0.19384   0.10816   0.07790   0.06703   0.07609   0.07609   0.07477   0.00000   0.09783   0.08333   0.08743   0.09074   0.09601   0.07832   0.09107   0.09239   0.10383   0.10200   0.09245   0.09057   0.14312   0.13297   0.09420   0.09307   0.08371   0.02174   0.12939   0.09888   0.19565   0.08318   0.13124   0.09420   0.08152   0.12862
Bistorta_v   0.10870   0.24457   0.25362   0.14857   0.09964   0.08696   0.22101   0.11413   0.08152   0.08152   0.08877   0.09964   0.10326   0.10326   0.09420   0.09239   0.14674   0.09560   0.09964   0.09783   0.07971   0.21196   0.10816   0.08152   0.08696   0.10145   0.10145   0.10280   0.09783   0.00000   0.08514   0.10200   0.09982   0.09783   0.09836   0.10200   0.05435   0.10565   0.10565   0.09623   0.09811   0.15580   0.14390   0.04348   0.10036   0.09955   0.09964   0.14787   0.11007   0.22101   0.10166   0.14787   0.09601   0.08152   0.14674
Erigeron_c   0.06341   0.24094   0.24275   0.13714   0.08696   0.07790   0.21196   0.08877   0.01087   0.01087   0.01449   0.07971   0.04891   0.10145   0.08696   0.08877   0.13949   0.08413   0.08514   0.06884   0.00906   0.21196   0.07970   0.01087   0.06341   0.07428   0.07428   0.08411   0.08333   0.08514   0.00000   0.09107   0.07441   0.02717   0.07468   0.08379   0.07790   0.08561   0.08379   0.02453   0.02264   0.13587   0.12933   0.07971   0.09489   0.08597   0.07246   0.14048   0.07463   0.21196   0.09057   0.14048   0.02717   0.00362   0.13949
Parnassia_   0.08134   0.20920   0.21423   0.13609   0.08512   0.07846   0.21303   0.09654   0.09290   0.09290   0.09455   0.08925   0.08925   0.11840   0.09836   0.09654   0.13479   0.09231   0.09107   0.08015   0.08134   0.20000   0.09574   0.09290   0.07468   0.06852   0.06852   0.09464   0.08743   0.10200   0.09107   0.00000   0.08279   0.09150   0.07625   0.07916   0.13072   0.09207   0.09281   0.08763   0.08395   0.13871   0.13765   0.08947   0.09111   0.08040   0.08947   0.13516   0.08716   0.19387   0.11152   0.13755   0.10383   0.09107   0.13435
Cassiope_m   0.07643   0.21926   0.22650   0.13757   0.08130   0.08647   0.21117   0.09074   0.07623   0.07623   0.07609   0.09619   0.07078   0.10889   0.09074   0.08893   0.13612   0.08812   0.09074   0.07078   0.07929   0.19969   0.08511   0.07623   0.07623   0.08455   0.08455   0.09696   0.09074   0.09982   0.07441   0.08279   0.00000   0.08643   0.07368   0.08011   0.14521   0.03443   0.03293   0.08194   0.07977   0.14429   0.13988   0.08921   0.08597   0.09380   0.08201   0.13594   0.07722   0.19051   0.10185   0.13889   0.08167   0.07441   0.14357
Achillea_m   0.08026   0.20784   0.21286   0.14349   0.08472   0.08255   0.21620   0.10326   0.03080   0.03080   0.03074   0.09601   0.06522   0.10507   0.10145   0.10326   0.14130   0.09943   0.09964   0.08696   0.03387   0.20626   0.08663   0.03080   0.08514   0.08360   0.08360   0.09334   0.09601   0.09783   0.02717   0.09150   0.08643   0.00000   0.07940   0.08441   0.14516   0.09431   0.09356   0.04329   0.03691   0.14386   0.13318   0.08962   0.09111   0.09883   0.07966   0.13750   0.07798   0.19710   0.09779   0.14207   0.00181   0.02899   0.13655
Saxifraga_   0.07582   0.21365   0.21572   0.13166   0.07032   0.07920   0.21533   0.07832   0.06922   0.06922   0.08000   0.08015   0.07468   0.10565   0.08197   0.08015   0.13661   0.08846   0.08561   0.02732   0.07082   0.20460   0.08663   0.06922   0.04007   0.05546   0.05546   0.09045   0.07832   0.09836   0.07468   0.07625   0.07368   0.07940   0.00000   0.03290   0.13109   0.07934   0.07934   0.07614   0.07469   0.13090   0.12723   0.07937   0.08009   0.06030   0.07359   0.12891   0.07110   0.19617   0.09108   0.13941   0.09290   0.07468   0.13233
Saxifraga_   0.08226   0.21365   0.21646   0.13757   0.07476   0.08586   0.21456   0.08561   0.08197   0.08197   0.09091   0.09654   0.08561   0.11111   0.09290   0.09107   0.14208   0.10192   0.10200   0.02004   0.07725   0.20000   0.09878   0.08197   0.04736   0.06688   0.06688   0.09841   0.09107   0.10200   0.08379   0.07916   0.08011   0.08441   0.03290   0.00000   0.13968   0.08533   0.08533   0.08194   0.08194   0.13877   0.13542   0.09091   0.08376   0.07538   0.08802   0.13203   0.08180   0.19540   0.10037   0.14498   0.09836   0.08015   0.13591
Eriogonum_   0.14083   0.24778   0.25203   0.15237   0.14048   0.13469   0.24981   0.09783   0.07609   0.07609   0.08499   0.09420   0.08877   0.09964   0.08696   0.08514   0.15036   0.09943   0.09964   0.08514   0.13409   0.24141   0.09271   0.07609   0.07065   0.10252   0.10252   0.14017   0.09239   0.05435   0.07790   0.13072   0.14521   0.14516   0.13109   0.13968   0.00000   0.13698   0.13548   0.12999   0.12999   0.18719   0.17411   0.04267   0.12491   0.09380   0.08677   0.17578   0.12615   0.23071   0.08856   0.15129   0.09420   0.07428   0.19705
Phyllodoce   0.07710   0.21183   0.21632   0.14793   0.08907   0.09281   0.20920   0.09654   0.08743   0.08743   0.08909   0.10747   0.08561   0.11658   0.10383   0.10200   0.14572   0.10192   0.10200   0.08015   0.08383   0.19847   0.09271   0.08743   0.08561   0.08646   0.08646   0.10439   0.10383   0.10565   0.08561   0.09207   0.03443   0.09431   0.07934   0.08533   0.13698   0.00000   0.00599   0.09263   0.09188   0.14746   0.14446   0.09380   0.09663   0.09548   0.09235   0.14453   0.08869   0.19004   0.10595   0.14870   0.09290   0.08561   0.14820
Phyllodoce   0.07859   0.21257   0.21707   0.14793   0.08907   0.09281   0.21226   0.09654   0.08197   0.08197   0.08727   0.10383   0.08379   0.11658   0.09836   0.09654   0.14936   0.09615   0.09836   0.08015   0.08308   0.20077   0.09119   0.08197   0.08561   0.08809   0.08809   0.10287   0.10200   0.10565   0.08379   0.09281   0.03293   0.09356   0.07934   0.08533   0.13548   0.00599   0.00000   0.09112   0.09036   0.14671   0.14596   0.08947   0.09438   0.09715   0.09235   0.14609   0.08639   0.19310   0.10595   0.15242   0.09107   0.08379   0.14970
Arnica_mol   0.08049   0.21445   0.21955   0.14053   0.08108   0.07658   0.22162   0.09434   0.02453   0.02453   0.03013   0.08679   0.06415   0.10377   0.09245   0.09434   0.14340   0.08782   0.09245   0.07736   0.03118   0.21151   0.08511   0.02453   0.07170   0.08249   0.08249   0.09513   0.09245   0.09623   0.02453   0.08763   0.08194   0.04329   0.07614   0.08194   0.12999   0.09263   0.09112   0.00000   0.00994   0.14173   0.13509   0.08160   0.08712   0.09380   0.08012   0.13160   0.07680   0.20218   0.09249   0.14451   0.03774   0.02453   0.13561
Hulsea_alg   0.07832   0.21219   0.21729   0.14201   0.08183   0.07508   0.22084   0.09434   0.02264   0.02264   0.02825   0.08491   0.06604   0.10189   0.09434   0.09623   0.14717   0.08583   0.09057   0.07925   0.02828   0.20918   0.08359   0.02264   0.07358   0.07744   0.07744   0.09296   0.09057   0.09811   0.02264   0.08395   0.07977   0.03691   0.07469   0.08194   0.12999   0.09188   0.09036   0.00994   0.00000   0.14245   0.13509   0.08309   0.08637   0.09045   0.07864   0.13081   0.07220   0.20140   0.09056   0.14836   0.03208   0.02264   0.13488
Pinus_albi   0.13859   0.18491   0.18699   0.02959   0.13162   0.13382   0.19939   0.14312   0.13406   0.13406   0.14105   0.13949   0.13225   0.15036   0.13949   0.14130   0.09058   0.13767   0.13587   0.13043   0.13149   0.19481   0.14742   0.13406   0.13225   0.12540   0.12540   0.14472   0.14312   0.15580   0.13587   0.13871   0.14429   0.14386   0.13090   0.13877   0.18719   0.14746   0.14671   0.14173   0.14245   0.00000   0.03423   0.14815   0.14181   0.14070   0.15100   0.08516   0.13609   0.18335   0.15129   0.09225   0.13587   0.13587   0.08458
Abies_lasi   0.12798   0.18527   0.18899   0.02219   0.12649   0.13318   0.19847   0.13843   0.12933   0.12933   0.13273   0.13115   0.12933   0.14390   0.14026   0.14208   0.09290   0.13077   0.13297   0.12750   0.12500   0.19540   0.14134   0.12933   0.12750   0.12072   0.12072   0.13534   0.13297   0.14390   0.12933   0.13765   0.13988   0.13318   0.12723   0.13542   0.17411   0.14446   0.14596   0.13509   0.13509   0.03423   0.00000   0.13853   0.14520   0.13233   0.14141   0.08750   0.13532   0.18161   0.14498   0.09108   0.13297   0.12568   0.08854
Oxyria_dig   0.09531   0.24247   0.24534   0.14200   0.09246   0.07681   0.24821   0.09783   0.07428   0.07428   0.08318   0.08877   0.09239   0.09601   0.07971   0.07790   0.14493   0.08604   0.08877   0.08333   0.07539   0.20660   0.08663   0.07428   0.07428   0.08828   0.08828   0.08689   0.09420   0.04348   0.07971   0.08947   0.08921   0.08962   0.07937   0.09091   0.04267   0.09380   0.08947   0.08160   0.08309   0.14815   0.13853   0.00000   0.07948   0.09386   0.09673   0.14307   0.09265   0.20516   0.09041   0.14576   0.09420   0.07609   0.14225
Smelowskia   0.08817   0.21232   0.21662   0.14053   0.08444   0.08148   0.22009   0.09672   0.09307   0.09307   0.10200   0.09124   0.09854   0.11496   0.01825   0.01642   0.13869   0.09249   0.09307   0.07482   0.08303   0.20706   0.08663   0.09307   0.07664   0.07843   0.07843   0.09199   0.09307   0.10036   0.09489   0.09111   0.08597   0.09111   0.08009   0.08376   0.12491   0.09663   0.09438   0.08712   0.08637   0.14181   0.14520   0.07948   0.00000   0.08878   0.08526   0.14062   0.08486   0.20015   0.10801   0.13966   0.10766   0.09307   0.14181
Salix_arct   0.09213   0.22948   0.22781   0.13322   0.08375   0.07370   0.23786   0.09276   0.08597   0.08597   0.09255   0.08145   0.09502   0.10633   0.09729   0.09502   0.13801   0.08475   0.08145   0.05656   0.09045   0.18593   0.08726   0.08597   0.06787   0.00000   0.00000   0.09213   0.08371   0.09955   0.08597   0.08040   0.09380   0.09883   0.06030   0.07538   0.09380   0.09548   0.09715   0.09380   0.09045   0.14070   0.13233   0.09386   0.08878   0.00000   0.07679   0.13735   0.09213   0.18928   0.09513   0.13921   0.09729   0.08597   0.13735
Dasiphora_   0.10100   0.22095   0.22956   0.14350   0.09104   0.08250   0.22956   0.10688   0.07246   0.07246   0.07595   0.07246   0.09058   0.10507   0.09239   0.09420   0.13225   0.07075   0.07065   0.08152   0.07255   0.19512   0.10030   0.07246   0.06703   0.06581   0.06581   0.07806   0.02174   0.09964   0.07246   0.08947   0.08201   0.07966   0.07359   0.08802   0.08677   0.09235   0.09235   0.08012   0.07864   0.15100   0.14141   0.09673   0.08526   0.07679   0.00000   0.13723   0.08971   0.18938   0.09225   0.13284   0.08333   0.07246   0.13514
Juniperus_   0.13594   0.19219   0.19688   0.08580   0.13438   0.13672   0.20000   0.12569   0.14233   0.14233   0.13838   0.13863   0.13124   0.14972   0.14418   0.14603   0.00000   0.14062   0.13678   0.13309   0.13125   0.19453   0.13678   0.14233   0.13494   0.12562   0.12562   0.14129   0.12939   0.14787   0.14048   0.13516   0.13594   0.13750   0.12891   0.13203   0.17578   0.14453   0.14609   0.13160   0.13081   0.08516   0.08750   0.14307   0.14062   0.13735   0.13723   0.00000   0.13020   0.18125   0.15283   0.00000   0.14048   0.13863   0.00000
Pediculari   0.07951   0.22095   0.22630   0.14201   0.08716   0.08792   0.21517   0.07463   0.07276   0.07276   0.08007   0.08955   0.08396   0.09515   0.09888   0.10075   0.13993   0.09862   0.09701   0.08582   0.07187   0.20588   0.03799   0.07276   0.08396   0.08667   0.08667   0.09946   0.09888   0.11007   0.07463   0.08716   0.07722   0.07798   0.07110   0.08180   0.12615   0.08869   0.08639   0.07680   0.07220   0.13609   0.13532   0.09265   0.08486   0.09213   0.08971   0.13020   0.00000   0.19505   0.09333   0.14095   0.08022   0.07463   0.13379
Cystopteri   0.19633   0.20092   0.20626   0.18787   0.18105   0.20321   0.02903   0.19928   0.20833   0.20833   0.21519   0.19746   0.19746   0.19746   0.20109   0.20290   0.17935   0.19885   0.19746   0.20290   0.19404   0.11765   0.19909   0.20833   0.20471   0.18963   0.18963   0.19520   0.19565   0.22101   0.21196   0.19387   0.19051   0.19710   0.19617   0.19540   0.23071   0.19004   0.19310   0.20218   0.20140   0.18335   0.18161   0.20516   0.20015   0.18928   0.18938   0.18125   0.19505   0.00000   0.20480   0.17897   0.20833   0.21196   0.18105
Silene_aca   0.09779   0.24908   0.25092   0.14981   0.09779   0.10148   0.20480   0.08318   0.08503   0.08503   0.09612   0.09982   0.09982   0.03697   0.10351   0.10166   0.15157   0.09560   0.09797   0.09057   0.09041   0.20111   0.09690   0.08503   0.07948   0.08856   0.08856   0.10115   0.08318   0.10166   0.09057   0.11152   0.10185   0.09779   0.09108   0.10037   0.08856   0.10595   0.10595   0.09249   0.09056   0.15129   0.14498   0.09041   0.10801   0.09513   0.09225   0.15283   0.09333   0.20480   0.00000   0.15129   0.09612   0.09057   0.15129
Juniperus_   0.14576   0.21771   0.22694   0.08560   0.13838   0.13653   0.17897   0.12939   0.14233   0.14233   0.13863   0.14233   0.13494   0.14972   0.14418   0.14603   0.00000   0.14340   0.14233   0.13494   0.14022   0.18266   0.14147   0.14233   0.13678   0.12915   0.12915   0.14122   0.13124   0.14787   0.14048   0.13755   0.13889   0.14207   0.13941   0.14498   0.15129   0.14870   0.15242   0.14451   0.14836   0.09225   0.09108   0.14576   0.13966   0.13921   0.13284   0.00000   0.14095   0.17897   0.15129   0.00000   0.14048   0.13863   0.00000
Achillea_m   0.07428   0.23370   0.23551   0.13905   0.09420   0.09239   0.20833   0.10145   0.02899   0.02899   0.02899   0.09420   0.06522   0.10326   0.09964   0.10145   0.13949   0.09751   0.09783   0.08514   0.02717   0.21014   0.08349   0.02899   0.08333   0.08696   0.08696   0.09907   0.09420   0.09601   0.02717   0.10383   0.08167   0.00181   0.09290   0.09836   0.09420   0.09290   0.09107   0.03774   0.03208   0.13587   0.13297   0.09420   0.10766   0.09729   0.08333   0.14048   0.08022   0.20833   0.09612   0.14048   0.00000   0.02717   0.13949
Solidago_m   0.06703   0.24275   0.24457   0.13333   0.08696   0.07428   0.21196   0.08877   0.01087   0.01087   0.01449   0.07609   0.05254   0.10145   0.08514   0.08696   0.13768   0.08031   0.08152   0.06884   0.00543   0.21196   0.07970   0.01087   0.06159   0.07428   0.07428   0.08037   0.08152   0.08152   0.00362   0.09107   0.07441   0.02899   0.07468   0.08015   0.07428   0.08561   0.08379   0.02453   0.02264   0.13587   0.12568   0.07609   0.09307   0.08597   0.07246   0.13863   0.07463   0.21196   0.09057   0.13863   0.02717   0.00000   0.13768
Juniperus_   0.13707   0.19231   0.19734   0.08580   0.13251   0.13613   0.19939   0.12681   0.14130   0.14130   0.13743   0.14130   0.13225   0.14855   0.14312   0.14493   0.00000   0.14340   0.13949   0.13225   0.13338   0.19404   0.13678   0.14130   0.13406   0.12145   0.12145   0.14616   0.12862   0.14674   0.13949   0.13435   0.14357   0.13655   0.13233   0.13591   0.19705   0.14820   0.14970   0.13561   0.13488   0.08458   0.08854   0.14225   0.14181   0.13735   0.13514   0.00000   0.13379   0.18105   0.15129   0.00000   0.13949   0.13768   0.00000
