	19
Arnica_mol   0.00000   0.01482   0.14986   0.16082   0.03665   0.03908   0.21752   0.16213   0.19196   0.16958   0.17400   0.17481   0.15153   0.17092   0.14243   0.04043   0.15107   0.11808   0.16500
Hulsea_alg   0.01482   0.00000   0.15372   0.16483   0.03506   0.04088   0.21606   0.16431   0.19447   0.17396   0.17810   0.17738   0.15493   0.17375   0.14846   0.04088   0.15351   0.12154   0.16950
Androsace_   0.14986   0.15372   0.00000   0.17025   0.17949   0.15592   0.23358   0.16762   0.19484   0.18372   0.19560   0.19492   0.16283   0.16996   0.14416   0.15592   0.18022   0.14664   0.19790
Claytonia_   0.16082   0.16483   0.17025   0.00000   0.17480   0.16283   0.22044   0.18923   0.21669   0.17570   0.15773   0.15916   0.04993   0.05652   0.16503   0.16383   0.17986   0.15672   0.19613
Cirsium_sc   0.03665   0.03506   0.17949   0.17480   0.00000   0.05179   0.20323   0.18351   0.20529   0.17893   0.19964   0.20308   0.17027   0.18355   0.16507   0.04861   0.18041   0.14040   0.20859
Achillea_m   0.03908   0.04088   0.15592   0.16283   0.05179   0.00000   0.22190   0.16975   0.19749   0.17493   0.18219   0.17995   0.15347   0.16950   0.15147   0.04987   0.15302   0.12549   0.17150
Juniperus_   0.21752   0.21606   0.23358   0.22044   0.20323   0.22190   0.00000   0.23358   0.25307   0.21022   0.23358   0.24088   0.21314   0.22336   0.24088   0.21022   0.21460   0.20000   0.29619
Cassiope_m   0.16213   0.16431   0.16762   0.18923   0.18351   0.16975   0.23358   0.00000   0.14132   0.20327   0.20933   0.21094   0.18311   0.19372   0.10243   0.17138   0.19913   0.15431   0.21429
Phyllodoce   0.19196   0.19447   0.19484   0.21669   0.20529   0.19749   0.25307   0.14132   0.00000   0.22674   0.21916   0.22447   0.20487   0.21796   0.05215   0.19246   0.21122   0.17995   0.23061
Smelowskia   0.16958   0.17396   0.18372   0.17570   0.17893   0.17493   0.21022   0.20327   0.22674   0.00000   0.19111   0.19353   0.16602   0.17465   0.18387   0.17298   0.19073   0.16675   0.19930
Bistorta_v   0.17400   0.17810   0.19560   0.15773   0.19964   0.18219   0.23358   0.20933   0.21916   0.19111   0.00000   0.08678   0.14837   0.16362   0.18086   0.17707   0.19703   0.17248   0.21281
Oxyria_dig   0.17481   0.17738   0.19492   0.15916   0.20308   0.17995   0.24088   0.21094   0.22447   0.19353   0.08678   0.00000   0.15620   0.16488   0.17935   0.17738   0.19332   0.16864   0.21328
Calyptridi   0.15153   0.15493   0.16283   0.04993   0.17027   0.15347   0.21314   0.18311   0.20487   0.16602   0.14837   0.15620   0.00000   0.06058   0.15825   0.15347   0.17258   0.14716   0.18922
Lewisia_py   0.17092   0.17375   0.16996   0.05652   0.18355   0.16950   0.22336   0.19372   0.21796   0.17465   0.16362   0.16488   0.06058   0.00000   0.16654   0.17139   0.18341   0.16132   0.19820
Phyllodoce   0.14243   0.14846   0.14416   0.16503   0.16507   0.15147   0.24088   0.10243   0.05215   0.18387   0.18086   0.17935   0.15825   0.16654   0.00000   0.14921   0.16276   0.14005   0.19756
Antennaria   0.04043   0.04088   0.15592   0.16383   0.04861   0.04987   0.21022   0.17138   0.19246   0.17298   0.17707   0.17738   0.15347   0.17139   0.14921   0.00000   0.15351   0.12401   0.16550
Pediculari   0.15107   0.15351   0.18022   0.17986   0.18041   0.15302   0.21460   0.19913   0.21122   0.19073   0.19703   0.19332   0.17258   0.18341   0.16276   0.15351   0.00000   0.12796   0.17873
Phacelia_h   0.11808   0.12154   0.14664   0.15672   0.14040   0.12549   0.20000   0.15431   0.17995   0.16675   0.17248   0.16864   0.14716   0.16132   0.14005   0.12401   0.12796   0.00000   0.11732
Eritrichiu   0.16500   0.16950   0.19790   0.19613   0.20859   0.17150   0.29619   0.21429   0.23061   0.19930   0.21281   0.21328   0.18922   0.19820   0.19756   0.16550   0.17873   0.11732   0.00000
